# OnlineRcode66.R

alpha.means<-c(1.29,1.29)
alpha.sd<-c(0.01,0.01)
r.means<-c(1.03,1.03)
r.sd<-c(0.01,0.01)
CarryingCapacity<-1000
